Igrač 4
	Figura 13 (LevitatingFigure, RED) - pređeni put [5, 16, 27, 38, 49, 58, 67, 76, 85, 74, 63, 52, 41, 32, 23, 14, 15, 26, 37, 48, 57, 66, 75, 64, 53, 42, 33, 24, 25, 36, 47, 56, 65, 54, 43, 34, 35, 46, 55, 44, 45] - stigla do cilja: Da
	Figura 14 (SuperFastFigure, RED) - pređeni put [5, 16, 27, 38, 49, 58, 67, 76, 85, 74, 63, 52, 41, 32, 23, 14, 15, 26, 37, 48, 57, 66, 75, 64, 53, 42, 33, 24, 25, 36, 47, 56, 65, 54, 43, 34, 35, 46, 55, 44, 45] - stigla do cilja: Da
	Figura 15 (BasicFigure, RED) - pređeni put [5, 16, 27, 38, 49, 58, 67, 76, 85, 74, 63, 52, 41, 32, 23, 14, 15, 26, 37, 48, 57, 66, 75, 64, 53, 42, 33, 24, 25, 36, 47, 56, 65, 54, 43, 34, 35, 46, 55, 44, 45] - stigla do cilja: Da
	Figura 16 (SuperFastFigure, RED) - pređeni put [5, 16, 27, 38, 49, 58, 67, 76, 85, 74, 63, 52, 41, 32, 23, 14, 15, 26, 37, 48, 57, 66, 75, 64, 53, 42, 33, 24, 25, 36, 47, 56, 65, 54, 43, 34, 35, 46, 55, 44, 45] - stigla do cilja: Da

Igrač 2
	Figura 5 (BasicFigure, YELLOW) - pređeni put [5, 16, 27, 38, 49, 58, 67, 76, 85, 74, 63, 52, 41, 32, 23, 14, 15, 26, 37, 48, 57, 66, 75, 64, 53, 42, 33, 24, 25, 36, 47, 56, 65, 54, 43, 34, 35, 46, 55, 44, 45] - stigla do cilja: Da
	Figura 6 (LevitatingFigure, YELLOW) - pređeni put [5, 16, 27, 38, 49, 58, 67, 76, 85, 74, 63, 52, 41, 32, 23, 14, 15, 26, 37, 48, 57, 66, 75, 64, 53, 42, 33, 24, 25, 36, 47, 56, 65, 54, 43, 34, 35, 46, 55, 44, 45] - stigla do cilja: Da
	Figura 7 (SuperFastFigure, YELLOW) - pređeni put [5, 16, 27, 38, 49, 58, 67, 76, 85, 74, 63, 52, 41, 32, 23, 14, 15, 26, 37, 48, 57, 66, 75, 64, 53, 42, 33, 24, 25, 36, 47, 56, 65, 54, 43, 34, 35, 46, 55, 44, 45] - stigla do cilja: Da
	Figura 8 (LevitatingFigure, YELLOW) - pređeni put [5, 16, 27, 38, 49, 58, 67, 76, 85, 74, 63, 52, 41, 32, 23, 14, 15, 26, 37, 48, 57, 66, 75, 64, 53, 42, 33, 24, 25, 36, 47, 56, 65, 54, 43, 34, 35, 46, 55, 44, 45] - stigla do cilja: Da

Igrač 3
	Figura 9 (BasicFigure, GREEN) - pređeni put [5, 16, 27, 38, 49, 58, 67, 76, 85, 74, 63, 52, 41, 32, 23, 14, 15, 26, 37, 48, 57, 66, 75, 64, 53, 42, 33, 24, 25, 36, 47, 56, 65, 54, 43, 34, 35, 46, 55, 44, 45] - stigla do cilja: Da
	Figura 10 (SuperFastFigure, GREEN) - pređeni put [5, 16, 27, 38, 49, 58, 67, 76, 85, 74, 63, 52, 41, 32, 23, 14, 15, 26, 37, 48, 57, 66, 75, 64, 53, 42, 33, 24, 25, 36, 47, 56, 65, 54, 43, 34, 35, 46, 55, 44, 45] - stigla do cilja: Da
	Figura 11 (LevitatingFigure, GREEN) - pređeni put [5, 16, 27, 38, 49, 58, 67, 76, 85, 74, 63, 52, 41, 32, 23, 14, 15, 26, 37, 48, 57, 66, 75, 64, 53, 42, 33, 24, 25, 36, 47, 56, 65, 54, 43, 34, 35, 46, 55, 44, 45] - stigla do cilja: Da
	Figura 12 (SuperFastFigure, GREEN) - pređeni put [5, 16, 27, 38, 49, 58, 67, 76, 85, 74, 63, 52, 41, 32, 23, 14, 15, 26, 37, 48, 57, 66, 75, 64, 53, 42, 33, 24, 25, 36, 47, 56, 65, 54, 43, 34, 35, 46, 55, 44, 45] - stigla do cilja: Da

Igrač 1
	Figura 1 (BasicFigure, BLUE) - pređeni put [5, 16, 27, 38, 49, 58, 67, 76, 85, 74, 63, 52, 41, 32, 23, 14, 15, 26, 37, 48, 57, 66, 75, 64, 53, 42, 33, 24, 25, 36, 47, 56, 65, 54, 43, 34, 35, 46, 55, 44, 45] - stigla do cilja: Da
	Figura 2 (SuperFastFigure, BLUE) - pređeni put [5, 16, 27, 38, 49, 58, 67, 76, 85, 74, 63, 52, 41, 32, 23, 14, 15, 26, 37, 48, 57, 66, 75, 64, 53, 42, 33, 24, 25, 36, 47, 56, 65, 54, 43, 34, 35, 46, 55, 44, 45] - stigla do cilja: Da
	Figura 3 (BasicFigure, BLUE) - pređeni put [5, 16, 27, 38, 49, 58, 67, 76, 85, 74, 63, 52, 41, 32, 23, 14, 15, 26, 37, 48, 57, 66, 75, 64, 53, 42, 33, 24, 25, 36, 47, 56, 65, 54, 43, 34, 35, 46, 55, 44, 45] - stigla do cilja: Da
	Figura 4 (BasicFigure, BLUE) - pređeni put [5, 16, 27, 38, 49, 58, 67, 76, 85, 74, 63, 52, 41, 32, 23, 14, 15, 26, 37, 48, 57, 66, 75, 64, 53, 42, 33, 24, 25, 36, 47, 56, 65, 54, 43, 34, 35, 46, 55, 44, 45] - stigla do cilja: Da

Ukupno vrijeme trajanja igre: 0 h 11 m 37 s
